
-47.0816 
0.971286 
0.971286 
0.971286 
0.971286 
-5.71485 
0 
0 
0 
0 
3.19177 
0 
0 
0 
0 
-1.70857 
0 
0 
0 
0 
-8.96482 
0 
0 
0 
0 
-5.71485 
0 
0 
0 
0 
-38.4025 
0.277452 
0.277452 
0.277452 
0.277452 
-0.29689 
0 
0 
0 
0 
-9.74408 
0 
0 
0 
0 
8.46311 
0 
0 
0 
0 
3.19177 
0 
0 
0 
0 
-0.29689 
0 
0 
0 
0 
-16.5943 
0.0255773 
0.0255773 
0.0255773 
0.0255773 
8.7802 
0 
0 
0 
0 
1.83295 
0 
0 
0 
0 
-1.70857 
0 
0 
0 
0 
-9.74408 
0 
0 
0 
0 
8.7802 
0 
0 
0 
0 
-43.1991 
0.185097 
0.185097 
0.185097 
0.185097 
-9.78622 
0 
0 
0 
0 
-8.96482 
0 
0 
0 
0 
8.46311 
0 
0 
0 
0 
1.83295 
0 
0 
0 
0 
-9.78622 
0 
0 
0 
0 
-40.1591 
0.426022 
0.426022 
0.426022 
0.426022 
0.971286 
-47.0816 
0.971286 
0.971286 
0.971286 
0 
-5.71485 
0 
0 
0 
0 
3.19177 
0 
0 
0 
0 
-1.70857 
0 
0 
0 
0 
-8.96482 
0 
0 
0 
0 
-5.71485 
0 
0 
0 
0.277452 
-38.4025 
0.277452 
0.277452 
0.277452 
0 
-0.29689 
0 
0 
0 
0 
-9.74408 
0 
0 
0 
0 
8.46311 
0 
0 
0 
0 
3.19177 
0 
0 
0 
0 
-0.29689 
0 
0 
0 
0.0255773 
-16.5943 
0.0255773 
0.0255773 
0.0255773 
0 
8.7802 
0 
0 
0 
0 
1.83295 
0 
0 
0 
0 
-1.70857 
0 
0 
0 
0 
-9.74408 
0 
0 
0 
0 
8.7802 
0 
0 
0 
0.185097 
-43.1991 
0.185097 
0.185097 
0.185097 
0 
-9.78622 
0 
0 
0 
0 
-8.96482 
0 
0 
0 
0 
8.46311 
0 
0 
0 
0 
1.83295 
0 
0 
0 
0 
-9.78622 
0 
0 
0 
0.426022 
-40.1591 
0.426022 
0.426022 
0.426022 
0.971286 
0.971286 
-47.0816 
0.971286 
0.971286 
0 
0 
-5.71485 
0 
0 
0 
0 
3.19177 
0 
0 
0 
0 
-1.70857 
0 
0 
0 
0 
-8.96482 
0 
0 
0 
0 
-5.71485 
0 
0 
0.277452 
0.277452 
-38.4025 
0.277452 
0.277452 
0 
0 
-0.29689 
0 
0 
0 
0 
-9.74408 
0 
0 
0 
0 
8.46311 
0 
0 
0 
0 
3.19177 
0 
0 
0 
0 
-0.29689 
0 
0 
0.0255773 
0.0255773 
-16.5943 
0.0255773 
0.0255773 
0 
0 
8.7802 
0 
0 
0 
0 
1.83295 
0 
0 
0 
0 
-1.70857 
0 
0 
0 
0 
-9.74408 
0 
0 
0 
0 
8.7802 
0 
0 
0.185097 
0.185097 
-43.1991 
0.185097 
0.185097 
0 
0 
-9.78622 
0 
0 
0 
0 
-8.96482 
0 
0 
0 
0 
8.46311 
0 
0 
0 
0 
1.83295 
0 
0 
0 
0 
-9.78622 
0 
0 
0.426022 
0.426022 
-40.1591 
0.426022 
0.426022 
0.971286 
0.971286 
0.971286 
-47.0816 
0.971286 
0 
0 
0 
-5.71485 
0 
0 
0 
0 
3.19177 
0 
0 
0 
0 
-1.70857 
0 
0 
0 
0 
-8.96482 
0 
0 
0 
0 
-5.71485 
0 
0.277452 
0.277452 
0.277452 
-38.4025 
0.277452 
0 
0 
0 
-0.29689 
0 
0 
0 
0 
-9.74408 
0 
0 
0 
0 
8.46311 
0 
0 
0 
0 
3.19177 
0 
0 
0 
0 
-0.29689 
0 
0.0255773 
0.0255773 
0.0255773 
-16.5943 
0.0255773 
0 
0 
0 
8.7802 
0 
0 
0 
0 
1.83295 
0 
0 
0 
0 
-1.70857 
0 
0 
0 
0 
-9.74408 
0 
0 
0 
0 
8.7802 
0 
0.185097 
0.185097 
0.185097 
-43.1991 
0.185097 
0 
0 
0 
-9.78622 
0 
0 
0 
0 
-8.96482 
0 
0 
0 
0 
8.46311 
0 
0 
0 
0 
1.83295 
0 
0 
0 
0 
-9.78622 
0 
0.426022 
0.426022 
0.426022 
-40.1591 
0.426022 
0.971286 
0.971286 
0.971286 
0.971286 
-47.0816 
0 
0 
0 
0 
-5.71485 
0 
0 
0 
0 
3.19177 
0 
0 
0 
0 
-1.70857 
0 
0 
0 
0 
-8.96482 
0 
0 
0 
0 
-5.71485 
0.277452 
0.277452 
0.277452 
0.277452 
-38.4025 
0 
0 
0 
0 
-0.29689 
0 
0 
0 
0 
-9.74408 
0 
0 
0 
0 
8.46311 
0 
0 
0 
0 
3.19177 
0 
0 
0 
0 
-0.29689 
0.0255773 
0.0255773 
0.0255773 
0.0255773 
-16.5943 
0 
0 
0 
0 
8.7802 
0 
0 
0 
0 
1.83295 
0 
0 
0 
0 
-1.70857 
0 
0 
0 
0 
-9.74408 
0 
0 
0 
0 
8.7802 
0.185097 
0.185097 
0.185097 
0.185097 
-43.1991 
0 
0 
0 
0 
-9.78622 
0 
0 
0 
0 
-8.96482 
0 
0 
0 
0 
8.46311 
0 
0 
0 
0 
1.83295 
0 
0 
0 
0 
-9.78622 
0.426022 
0.426022 
0.426022 
0.426022 
-40.1591