
-30.9266 
-0.284058 
-0.284058 
-0.284058 
-0.284058 
2.92982 
0 
0 
0 
0 
-7.77952 
0 
0 
0 
0 
-2.74048 
0 
0 
0 
0 
5.52736 
0 
0 
0 
0 
2.92982 
0 
0 
0 
0 
-16.5856 
0.391724 
0.391724 
0.391724 
0.391724 
7.33249 
0 
0 
0 
0 
0.517536 
0 
0 
0 
0 
4.2015 
0 
0 
0 
0 
-7.77952 
0 
0 
0 
0 
7.33249 
0 
0 
0 
0 
-40.7287 
-0.845466 
-0.845466 
-0.845466 
-0.845466 
-4.66445 
0 
0 
0 
0 
-8.99911 
0 
0 
0 
0 
-2.74048 
0 
0 
0 
0 
0.517536 
0 
0 
0 
0 
-4.66445 
0 
0 
0 
0 
-24.0968 
-0.92968 
-0.92968 
-0.92968 
-0.92968 
9.07185 
0 
0 
0 
0 
5.52736 
0 
0 
0 
0 
4.2015 
0 
0 
0 
0 
-8.99911 
0 
0 
0 
0 
9.07185 
0 
0 
0 
0 
-17.2572 
-0.735289 
-0.735289 
-0.735289 
-0.735289 
-0.284058 
-30.9266 
-0.284058 
-0.284058 
-0.284058 
0 
2.92982 
0 
0 
0 
0 
-7.77952 
0 
0 
0 
0 
-2.74048 
0 
0 
0 
0 
5.52736 
0 
0 
0 
0 
2.92982 
0 
0 
0 
0.391724 
-16.5856 
0.391724 
0.391724 
0.391724 
0 
7.33249 
0 
0 
0 
0 
0.517536 
0 
0 
0 
0 
4.2015 
0 
0 
0 
0 
-7.77952 
0 
0 
0 
0 
7.33249 
0 
0 
0 
-0.845466 
-40.7287 
-0.845466 
-0.845466 
-0.845466 
0 
-4.66445 
0 
0 
0 
0 
-8.99911 
0 
0 
0 
0 
-2.74048 
0 
0 
0 
0 
0.517536 
0 
0 
0 
0 
-4.66445 
0 
0 
0 
-0.92968 
-24.0968 
-0.92968 
-0.92968 
-0.92968 
0 
9.07185 
0 
0 
0 
0 
5.52736 
0 
0 
0 
0 
4.2015 
0 
0 
0 
0 
-8.99911 
0 
0 
0 
0 
9.07185 
0 
0 
0 
-0.735289 
-17.2572 
-0.735289 
-0.735289 
-0.735289 
-0.284058 
-0.284058 
-30.9266 
-0.284058 
-0.284058 
0 
0 
2.92982 
0 
0 
0 
0 
-7.77952 
0 
0 
0 
0 
-2.74048 
0 
0 
0 
0 
5.52736 
0 
0 
0 
0 
2.92982 
0 
0 
0.391724 
0.391724 
-16.5856 
0.391724 
0.391724 
0 
0 
7.33249 
0 
0 
0 
0 
0.517536 
0 
0 
0 
0 
4.2015 
0 
0 
0 
0 
-7.77952 
0 
0 
0 
0 
7.33249 
0 
0 
-0.845466 
-0.845466 
-40.7287 
-0.845466 
-0.845466 
0 
0 
-4.66445 
0 
0 
0 
0 
-8.99911 
0 
0 
0 
0 
-2.74048 
0 
0 
0 
0 
0.517536 
0 
0 
0 
0 
-4.66445 
0 
0 
-0.92968 
-0.92968 
-24.0968 
-0.92968 
-0.92968 
0 
0 
9.07185 
0 
0 
0 
0 
5.52736 
0 
0 
0 
0 
4.2015 
0 
0 
0 
0 
-8.99911 
0 
0 
0 
0 
9.07185 
0 
0 
-0.735289 
-0.735289 
-17.2572 
-0.735289 
-0.735289 
-0.284058 
-0.284058 
-0.284058 
-30.9266 
-0.284058 
0 
0 
0 
2.92982 
0 
0 
0 
0 
-7.77952 
0 
0 
0 
0 
-2.74048 
0 
0 
0 
0 
5.52736 
0 
0 
0 
0 
2.92982 
0 
0.391724 
0.391724 
0.391724 
-16.5856 
0.391724 
0 
0 
0 
7.33249 
0 
0 
0 
0 
0.517536 
0 
0 
0 
0 
4.2015 
0 
0 
0 
0 
-7.77952 
0 
0 
0 
0 
7.33249 
0 
-0.845466 
-0.845466 
-0.845466 
-40.7287 
-0.845466 
0 
0 
0 
-4.66445 
0 
0 
0 
0 
-8.99911 
0 
0 
0 
0 
-2.74048 
0 
0 
0 
0 
0.517536 
0 
0 
0 
0 
-4.66445 
0 
-0.92968 
-0.92968 
-0.92968 
-24.0968 
-0.92968 
0 
0 
0 
9.07185 
0 
0 
0 
0 
5.52736 
0 
0 
0 
0 
4.2015 
0 
0 
0 
0 
-8.99911 
0 
0 
0 
0 
9.07185 
0 
-0.735289 
-0.735289 
-0.735289 
-17.2572 
-0.735289 
-0.284058 
-0.284058 
-0.284058 
-0.284058 
-30.9266 
0 
0 
0 
0 
2.92982 
0 
0 
0 
0 
-7.77952 
0 
0 
0 
0 
-2.74048 
0 
0 
0 
0 
5.52736 
0 
0 
0 
0 
2.92982 
0.391724 
0.391724 
0.391724 
0.391724 
-16.5856 
0 
0 
0 
0 
7.33249 
0 
0 
0 
0 
0.517536 
0 
0 
0 
0 
4.2015 
0 
0 
0 
0 
-7.77952 
0 
0 
0 
0 
7.33249 
-0.845466 
-0.845466 
-0.845466 
-0.845466 
-40.7287 
0 
0 
0 
0 
-4.66445 
0 
0 
0 
0 
-8.99911 
0 
0 
0 
0 
-2.74048 
0 
0 
0 
0 
0.517536 
0 
0 
0 
0 
-4.66445 
-0.92968 
-0.92968 
-0.92968 
-0.92968 
-24.0968 
0 
0 
0 
0 
9.07185 
0 
0 
0 
0 
5.52736 
0 
0 
0 
0 
4.2015 
0 
0 
0 
0 
-8.99911 
0 
0 
0 
0 
9.07185 
-0.735289 
-0.735289 
-0.735289 
-0.735289 
-17.2572