
-46.0605 
0.426431 
0.426431 
0.426431 
0.426431 
-8.72222 
0 
0 
0 
0 
0.271103 
0 
0 
0 
0 
-1.2963 
0 
0 
0 
0 
-4.60738 
0 
0 
0 
0 
-8.72222 
0 
0 
0 
0 
-46.6485 
0.912138 
0.912138 
0.912138 
0.912138 
-1.74768 
0 
0 
0 
0 
6.8543 
0 
0 
0 
0 
-9.38438 
0 
0 
0 
0 
0.271103 
0 
0 
0 
0 
-1.74768 
0 
0 
0 
0 
-37.9456 
-0.344232 
-0.344232 
-0.344232 
-0.344232 
-1.35898 
0 
0 
0 
0 
-6.48697 
0 
0 
0 
0 
-1.2963 
0 
0 
0 
0 
6.8543 
0 
0 
0 
0 
-1.35898 
0 
0 
0 
0 
-21.2932 
0.589102 
0.589102 
0.589102 
0.589102 
6.86414 
0 
0 
0 
0 
-4.60738 
0 
0 
0 
0 
-9.38438 
0 
0 
0 
0 
-6.48697 
0 
0 
0 
0 
6.86414 
0 
0 
0 
0 
-41.6283 
-0.496563 
-0.496563 
-0.496563 
-0.496563 
0.426431 
-46.0605 
0.426431 
0.426431 
0.426431 
0 
-8.72222 
0 
0 
0 
0 
0.271103 
0 
0 
0 
0 
-1.2963 
0 
0 
0 
0 
-4.60738 
0 
0 
0 
0 
-8.72222 
0 
0 
0 
0.912138 
-46.6485 
0.912138 
0.912138 
0.912138 
0 
-1.74768 
0 
0 
0 
0 
6.8543 
0 
0 
0 
0 
-9.38438 
0 
0 
0 
0 
0.271103 
0 
0 
0 
0 
-1.74768 
0 
0 
0 
-0.344232 
-37.9456 
-0.344232 
-0.344232 
-0.344232 
0 
-1.35898 
0 
0 
0 
0 
-6.48697 
0 
0 
0 
0 
-1.2963 
0 
0 
0 
0 
6.8543 
0 
0 
0 
0 
-1.35898 
0 
0 
0 
0.589102 
-21.2932 
0.589102 
0.589102 
0.589102 
0 
6.86414 
0 
0 
0 
0 
-4.60738 
0 
0 
0 
0 
-9.38438 
0 
0 
0 
0 
-6.48697 
0 
0 
0 
0 
6.86414 
0 
0 
0 
-0.496563 
-41.6283 
-0.496563 
-0.496563 
-0.496563 
0.426431 
0.426431 
-46.0605 
0.426431 
0.426431 
0 
0 
-8.72222 
0 
0 
0 
0 
0.271103 
0 
0 
0 
0 
-1.2963 
0 
0 
0 
0 
-4.60738 
0 
0 
0 
0 
-8.72222 
0 
0 
0.912138 
0.912138 
-46.6485 
0.912138 
0.912138 
0 
0 
-1.74768 
0 
0 
0 
0 
6.8543 
0 
0 
0 
0 
-9.38438 
0 
0 
0 
0 
0.271103 
0 
0 
0 
0 
-1.74768 
0 
0 
-0.344232 
-0.344232 
-37.9456 
-0.344232 
-0.344232 
0 
0 
-1.35898 
0 
0 
0 
0 
-6.48697 
0 
0 
0 
0 
-1.2963 
0 
0 
0 
0 
6.8543 
0 
0 
0 
0 
-1.35898 
0 
0 
0.589102 
0.589102 
-21.2932 
0.589102 
0.589102 
0 
0 
6.86414 
0 
0 
0 
0 
-4.60738 
0 
0 
0 
0 
-9.38438 
0 
0 
0 
0 
-6.48697 
0 
0 
0 
0 
6.86414 
0 
0 
-0.496563 
-0.496563 
-41.6283 
-0.496563 
-0.496563 
0.426431 
0.426431 
0.426431 
-46.0605 
0.426431 
0 
0 
0 
-8.72222 
0 
0 
0 
0 
0.271103 
0 
0 
0 
0 
-1.2963 
0 
0 
0 
0 
-4.60738 
0 
0 
0 
0 
-8.72222 
0 
0.912138 
0.912138 
0.912138 
-46.6485 
0.912138 
0 
0 
0 
-1.74768 
0 
0 
0 
0 
6.8543 
0 
0 
0 
0 
-9.38438 
0 
0 
0 
0 
0.271103 
0 
0 
0 
0 
-1.74768 
0 
-0.344232 
-0.344232 
-0.344232 
-37.9456 
-0.344232 
0 
0 
0 
-1.35898 
0 
0 
0 
0 
-6.48697 
0 
0 
0 
0 
-1.2963 
0 
0 
0 
0 
6.8543 
0 
0 
0 
0 
-1.35898 
0 
0.589102 
0.589102 
0.589102 
-21.2932 
0.589102 
0 
0 
0 
6.86414 
0 
0 
0 
0 
-4.60738 
0 
0 
0 
0 
-9.38438 
0 
0 
0 
0 
-6.48697 
0 
0 
0 
0 
6.86414 
0 
-0.496563 
-0.496563 
-0.496563 
-41.6283 
-0.496563 
0.426431 
0.426431 
0.426431 
0.426431 
-46.0605 
0 
0 
0 
0 
-8.72222 
0 
0 
0 
0 
0.271103 
0 
0 
0 
0 
-1.2963 
0 
0 
0 
0 
-4.60738 
0 
0 
0 
0 
-8.72222 
0.912138 
0.912138 
0.912138 
0.912138 
-46.6485 
0 
0 
0 
0 
-1.74768 
0 
0 
0 
0 
6.8543 
0 
0 
0 
0 
-9.38438 
0 
0 
0 
0 
0.271103 
0 
0 
0 
0 
-1.74768 
-0.344232 
-0.344232 
-0.344232 
-0.344232 
-37.9456 
0 
0 
0 
0 
-1.35898 
0 
0 
0 
0 
-6.48697 
0 
0 
0 
0 
-1.2963 
0 
0 
0 
0 
6.8543 
0 
0 
0 
0 
-1.35898 
0.589102 
0.589102 
0.589102 
0.589102 
-21.2932 
0 
0 
0 
0 
6.86414 
0 
0 
0 
0 
-4.60738 
0 
0 
0 
0 
-9.38438 
0 
0 
0 
0 
-6.48697 
0 
0 
0 
0 
6.86414 
-0.496563 
-0.496563 
-0.496563 
-0.496563 
-41.6283