
-25.2866 
0.293911 
0.293911 
0.293911 
0.293911 
-9.28642 
0 
0 
0 
0 
2.75041 
0 
0 
0 
0 
7.62903 
0 
0 
0 
0 
4.79606 
0 
0 
0 
0 
-9.28642 
0 
0 
0 
0 
-50.9433 
-0.563339 
-0.563339 
-0.563339 
-0.563339 
-9.34993 
0 
0 
0 
0 
-6.73876 
0 
0 
0 
0 
2.17843 
0 
0 
0 
0 
2.75041 
0 
0 
0 
0 
-9.34993 
0 
0 
0 
0 
-33.2495 
0.293193 
0.293193 
0.293193 
0.293193 
3.17227 
0 
0 
0 
0 
1.35052 
0 
0 
0 
0 
7.62903 
0 
0 
0 
0 
-6.73876 
0 
0 
0 
0 
3.17227 
0 
0 
0 
0 
-27.0378 
0.973692 
0.973692 
0.973692 
0.973692 
2.79448 
0 
0 
0 
0 
4.79606 
0 
0 
0 
0 
2.17843 
0 
0 
0 
0 
1.35052 
0 
0 
0 
0 
2.79448 
0 
0 
0 
0 
-18.5841 
-0.0741106 
-0.0741106 
-0.0741106 
-0.0741106 
0.293911 
-25.2866 
0.293911 
0.293911 
0.293911 
0 
-9.28642 
0 
0 
0 
0 
2.75041 
0 
0 
0 
0 
7.62903 
0 
0 
0 
0 
4.79606 
0 
0 
0 
0 
-9.28642 
0 
0 
0 
-0.563339 
-50.9433 
-0.563339 
-0.563339 
-0.563339 
0 
-9.34993 
0 
0 
0 
0 
-6.73876 
0 
0 
0 
0 
2.17843 
0 
0 
0 
0 
2.75041 
0 
0 
0 
0 
-9.34993 
0 
0 
0 
0.293193 
-33.2495 
0.293193 
0.293193 
0.293193 
0 
3.17227 
0 
0 
0 
0 
1.35052 
0 
0 
0 
0 
7.62903 
0 
0 
0 
0 
-6.73876 
0 
0 
0 
0 
3.17227 
0 
0 
0 
0.973692 
-27.0378 
0.973692 
0.973692 
0.973692 
0 
2.79448 
0 
0 
0 
0 
4.79606 
0 
0 
0 
0 
2.17843 
0 
0 
0 
0 
1.35052 
0 
0 
0 
0 
2.79448 
0 
0 
0 
-0.0741106 
-18.5841 
-0.0741106 
-0.0741106 
-0.0741106 
0.293911 
0.293911 
-25.2866 
0.293911 
0.293911 
0 
0 
-9.28642 
0 
0 
0 
0 
2.75041 
0 
0 
0 
0 
7.62903 
0 
0 
0 
0 
4.79606 
0 
0 
0 
0 
-9.28642 
0 
0 
-0.563339 
-0.563339 
-50.9433 
-0.563339 
-0.563339 
0 
0 
-9.34993 
0 
0 
0 
0 
-6.73876 
0 
0 
0 
0 
2.17843 
0 
0 
0 
0 
2.75041 
0 
0 
0 
0 
-9.34993 
0 
0 
0.293193 
0.293193 
-33.2495 
0.293193 
0.293193 
0 
0 
3.17227 
0 
0 
0 
0 
1.35052 
0 
0 
0 
0 
7.62903 
0 
0 
0 
0 
-6.73876 
0 
0 
0 
0 
3.17227 
0 
0 
0.973692 
0.973692 
-27.0378 
0.973692 
0.973692 
0 
0 
2.79448 
0 
0 
0 
0 
4.79606 
0 
0 
0 
0 
2.17843 
0 
0 
0 
0 
1.35052 
0 
0 
0 
0 
2.79448 
0 
0 
-0.0741106 
-0.0741106 
-18.5841 
-0.0741106 
-0.0741106 
0.293911 
0.293911 
0.293911 
-25.2866 
0.293911 
0 
0 
0 
-9.28642 
0 
0 
0 
0 
2.75041 
0 
0 
0 
0 
7.62903 
0 
0 
0 
0 
4.79606 
0 
0 
0 
0 
-9.28642 
0 
-0.563339 
-0.563339 
-0.563339 
-50.9433 
-0.563339 
0 
0 
0 
-9.34993 
0 
0 
0 
0 
-6.73876 
0 
0 
0 
0 
2.17843 
0 
0 
0 
0 
2.75041 
0 
0 
0 
0 
-9.34993 
0 
0.293193 
0.293193 
0.293193 
-33.2495 
0.293193 
0 
0 
0 
3.17227 
0 
0 
0 
0 
1.35052 
0 
0 
0 
0 
7.62903 
0 
0 
0 
0 
-6.73876 
0 
0 
0 
0 
3.17227 
0 
0.973692 
0.973692 
0.973692 
-27.0378 
0.973692 
0 
0 
0 
2.79448 
0 
0 
0 
0 
4.79606 
0 
0 
0 
0 
2.17843 
0 
0 
0 
0 
1.35052 
0 
0 
0 
0 
2.79448 
0 
-0.0741106 
-0.0741106 
-0.0741106 
-18.5841 
-0.0741106 
0.293911 
0.293911 
0.293911 
0.293911 
-25.2866 
0 
0 
0 
0 
-9.28642 
0 
0 
0 
0 
2.75041 
0 
0 
0 
0 
7.62903 
0 
0 
0 
0 
4.79606 
0 
0 
0 
0 
-9.28642 
-0.563339 
-0.563339 
-0.563339 
-0.563339 
-50.9433 
0 
0 
0 
0 
-9.34993 
0 
0 
0 
0 
-6.73876 
0 
0 
0 
0 
2.17843 
0 
0 
0 
0 
2.75041 
0 
0 
0 
0 
-9.34993 
0.293193 
0.293193 
0.293193 
0.293193 
-33.2495 
0 
0 
0 
0 
3.17227 
0 
0 
0 
0 
1.35052 
0 
0 
0 
0 
7.62903 
0 
0 
0 
0 
-6.73876 
0 
0 
0 
0 
3.17227 
0.973692 
0.973692 
0.973692 
0.973692 
-27.0378 
0 
0 
0 
0 
2.79448 
0 
0 
0 
0 
4.79606 
0 
0 
0 
0 
2.17843 
0 
0 
0 
0 
1.35052 
0 
0 
0 
0 
2.79448 
-0.0741106 
-0.0741106 
-0.0741106 
-0.0741106 
-18.5841