
-32.9954 
-0.428331 
-0.428331 
-0.428331 
-0.428331 
-5.12831 
0 
0 
0 
0 
-6.15216 
0 
0 
0 
0 
6.78766 
0 
0 
0 
0 
-0.215923 
0 
0 
0 
0 
-5.12831 
0 
0 
0 
0 
-26.0768 
-0.720985 
-0.720985 
-0.720985 
-0.720985 
1.32572 
0 
0 
0 
0 
4.59564 
0 
0 
0 
0 
0.246222 
0 
0 
0 
0 
-6.15216 
0 
0 
0 
0 
1.32572 
0 
0 
0 
0 
-43.6284 
0.822143 
0.822143 
0.822143 
0.822143 
-9.83378 
0 
0 
0 
0 
4.32039 
0 
0 
0 
0 
6.78766 
0 
0 
0 
0 
4.59564 
0 
0 
0 
0 
-9.83378 
0 
0 
0 
0 
-28.5367 
-0.465771 
-0.465771 
-0.465771 
-0.465771 
-1.94935 
0 
0 
0 
0 
-0.215923 
0 
0 
0 
0 
0.246222 
0 
0 
0 
0 
4.32039 
0 
0 
0 
0 
-1.94935 
0 
0 
0 
0 
-28.3811 
0.195609 
0.195609 
0.195609 
0.195609 
-0.428331 
-32.9954 
-0.428331 
-0.428331 
-0.428331 
0 
-5.12831 
0 
0 
0 
0 
-6.15216 
0 
0 
0 
0 
6.78766 
0 
0 
0 
0 
-0.215923 
0 
0 
0 
0 
-5.12831 
0 
0 
0 
-0.720985 
-26.0768 
-0.720985 
-0.720985 
-0.720985 
0 
1.32572 
0 
0 
0 
0 
4.59564 
0 
0 
0 
0 
0.246222 
0 
0 
0 
0 
-6.15216 
0 
0 
0 
0 
1.32572 
0 
0 
0 
0.822143 
-43.6284 
0.822143 
0.822143 
0.822143 
0 
-9.83378 
0 
0 
0 
0 
4.32039 
0 
0 
0 
0 
6.78766 
0 
0 
0 
0 
4.59564 
0 
0 
0 
0 
-9.83378 
0 
0 
0 
-0.465771 
-28.5367 
-0.465771 
-0.465771 
-0.465771 
0 
-1.94935 
0 
0 
0 
0 
-0.215923 
0 
0 
0 
0 
0.246222 
0 
0 
0 
0 
4.32039 
0 
0 
0 
0 
-1.94935 
0 
0 
0 
0.195609 
-28.3811 
0.195609 
0.195609 
0.195609 
-0.428331 
-0.428331 
-32.9954 
-0.428331 
-0.428331 
0 
0 
-5.12831 
0 
0 
0 
0 
-6.15216 
0 
0 
0 
0 
6.78766 
0 
0 
0 
0 
-0.215923 
0 
0 
0 
0 
-5.12831 
0 
0 
-0.720985 
-0.720985 
-26.0768 
-0.720985 
-0.720985 
0 
0 
1.32572 
0 
0 
0 
0 
4.59564 
0 
0 
0 
0 
0.246222 
0 
0 
0 
0 
-6.15216 
0 
0 
0 
0 
1.32572 
0 
0 
0.822143 
0.822143 
-43.6284 
0.822143 
0.822143 
0 
0 
-9.83378 
0 
0 
0 
0 
4.32039 
0 
0 
0 
0 
6.78766 
0 
0 
0 
0 
4.59564 
0 
0 
0 
0 
-9.83378 
0 
0 
-0.465771 
-0.465771 
-28.5367 
-0.465771 
-0.465771 
0 
0 
-1.94935 
0 
0 
0 
0 
-0.215923 
0 
0 
0 
0 
0.246222 
0 
0 
0 
0 
4.32039 
0 
0 
0 
0 
-1.94935 
0 
0 
0.195609 
0.195609 
-28.3811 
0.195609 
0.195609 
-0.428331 
-0.428331 
-0.428331 
-32.9954 
-0.428331 
0 
0 
0 
-5.12831 
0 
0 
0 
0 
-6.15216 
0 
0 
0 
0 
6.78766 
0 
0 
0 
0 
-0.215923 
0 
0 
0 
0 
-5.12831 
0 
-0.720985 
-0.720985 
-0.720985 
-26.0768 
-0.720985 
0 
0 
0 
1.32572 
0 
0 
0 
0 
4.59564 
0 
0 
0 
0 
0.246222 
0 
0 
0 
0 
-6.15216 
0 
0 
0 
0 
1.32572 
0 
0.822143 
0.822143 
0.822143 
-43.6284 
0.822143 
0 
0 
0 
-9.83378 
0 
0 
0 
0 
4.32039 
0 
0 
0 
0 
6.78766 
0 
0 
0 
0 
4.59564 
0 
0 
0 
0 
-9.83378 
0 
-0.465771 
-0.465771 
-0.465771 
-28.5367 
-0.465771 
0 
0 
0 
-1.94935 
0 
0 
0 
0 
-0.215923 
0 
0 
0 
0 
0.246222 
0 
0 
0 
0 
4.32039 
0 
0 
0 
0 
-1.94935 
0 
0.195609 
0.195609 
0.195609 
-28.3811 
0.195609 
-0.428331 
-0.428331 
-0.428331 
-0.428331 
-32.9954 
0 
0 
0 
0 
-5.12831 
0 
0 
0 
0 
-6.15216 
0 
0 
0 
0 
6.78766 
0 
0 
0 
0 
-0.215923 
0 
0 
0 
0 
-5.12831 
-0.720985 
-0.720985 
-0.720985 
-0.720985 
-26.0768 
0 
0 
0 
0 
1.32572 
0 
0 
0 
0 
4.59564 
0 
0 
0 
0 
0.246222 
0 
0 
0 
0 
-6.15216 
0 
0 
0 
0 
1.32572 
0.822143 
0.822143 
0.822143 
0.822143 
-43.6284 
0 
0 
0 
0 
-9.83378 
0 
0 
0 
0 
4.32039 
0 
0 
0 
0 
6.78766 
0 
0 
0 
0 
4.59564 
0 
0 
0 
0 
-9.83378 
-0.465771 
-0.465771 
-0.465771 
-0.465771 
-28.5367 
0 
0 
0 
0 
-1.94935 
0 
0 
0 
0 
-0.215923 
0 
0 
0 
0 
0.246222 
0 
0 
0 
0 
4.32039 
0 
0 
0 
0 
-1.94935 
0.195609 
0.195609 
0.195609 
0.195609 
-28.3811