
-21.6359 
-0.459048 
-0.459048 
-0.459048 
-0.459048 
5.35571 
0 
0 
0 
0 
-1.55533 
0 
0 
0 
0 
-7.08131 
0 
0 
0 
0 
9.80883 
0 
0 
0 
0 
5.35571 
0 
0 
0 
0 
-33.7701 
-0.519612 
-0.519612 
-0.519612 
-0.519612 
-6.97659 
0 
0 
0 
0 
-9.39815 
0 
0 
0 
0 
5.17051 
0 
0 
0 
0 
-1.55533 
0 
0 
0 
0 
-6.97659 
0 
0 
0 
0 
-34.5255 
0.653262 
0.653262 
0.653262 
0.653262 
-0.438029 
0 
0 
0 
0 
7.05748 
0 
0 
0 
0 
-7.08131 
0 
0 
0 
0 
-9.39815 
0 
0 
0 
0 
-0.438029 
0 
0 
0 
0 
-51.9333 
0.301108 
0.301108 
0.301108 
0.301108 
-3.81133 
0 
0 
0 
0 
9.80883 
0 
0 
0 
0 
5.17051 
0 
0 
0 
0 
7.05748 
0 
0 
0 
0 
-3.81133 
0 
0 
0 
0 
-14.4719 
0.674342 
0.674342 
0.674342 
0.674342 
-0.459048 
-21.6359 
-0.459048 
-0.459048 
-0.459048 
0 
5.35571 
0 
0 
0 
0 
-1.55533 
0 
0 
0 
0 
-7.08131 
0 
0 
0 
0 
9.80883 
0 
0 
0 
0 
5.35571 
0 
0 
0 
-0.519612 
-33.7701 
-0.519612 
-0.519612 
-0.519612 
0 
-6.97659 
0 
0 
0 
0 
-9.39815 
0 
0 
0 
0 
5.17051 
0 
0 
0 
0 
-1.55533 
0 
0 
0 
0 
-6.97659 
0 
0 
0 
0.653262 
-34.5255 
0.653262 
0.653262 
0.653262 
0 
-0.438029 
0 
0 
0 
0 
7.05748 
0 
0 
0 
0 
-7.08131 
0 
0 
0 
0 
-9.39815 
0 
0 
0 
0 
-0.438029 
0 
0 
0 
0.301108 
-51.9333 
0.301108 
0.301108 
0.301108 
0 
-3.81133 
0 
0 
0 
0 
9.80883 
0 
0 
0 
0 
5.17051 
0 
0 
0 
0 
7.05748 
0 
0 
0 
0 
-3.81133 
0 
0 
0 
0.674342 
-14.4719 
0.674342 
0.674342 
0.674342 
-0.459048 
-0.459048 
-21.6359 
-0.459048 
-0.459048 
0 
0 
5.35571 
0 
0 
0 
0 
-1.55533 
0 
0 
0 
0 
-7.08131 
0 
0 
0 
0 
9.80883 
0 
0 
0 
0 
5.35571 
0 
0 
-0.519612 
-0.519612 
-33.7701 
-0.519612 
-0.519612 
0 
0 
-6.97659 
0 
0 
0 
0 
-9.39815 
0 
0 
0 
0 
5.17051 
0 
0 
0 
0 
-1.55533 
0 
0 
0 
0 
-6.97659 
0 
0 
0.653262 
0.653262 
-34.5255 
0.653262 
0.653262 
0 
0 
-0.438029 
0 
0 
0 
0 
7.05748 
0 
0 
0 
0 
-7.08131 
0 
0 
0 
0 
-9.39815 
0 
0 
0 
0 
-0.438029 
0 
0 
0.301108 
0.301108 
-51.9333 
0.301108 
0.301108 
0 
0 
-3.81133 
0 
0 
0 
0 
9.80883 
0 
0 
0 
0 
5.17051 
0 
0 
0 
0 
7.05748 
0 
0 
0 
0 
-3.81133 
0 
0 
0.674342 
0.674342 
-14.4719 
0.674342 
0.674342 
-0.459048 
-0.459048 
-0.459048 
-21.6359 
-0.459048 
0 
0 
0 
5.35571 
0 
0 
0 
0 
-1.55533 
0 
0 
0 
0 
-7.08131 
0 
0 
0 
0 
9.80883 
0 
0 
0 
0 
5.35571 
0 
-0.519612 
-0.519612 
-0.519612 
-33.7701 
-0.519612 
0 
0 
0 
-6.97659 
0 
0 
0 
0 
-9.39815 
0 
0 
0 
0 
5.17051 
0 
0 
0 
0 
-1.55533 
0 
0 
0 
0 
-6.97659 
0 
0.653262 
0.653262 
0.653262 
-34.5255 
0.653262 
0 
0 
0 
-0.438029 
0 
0 
0 
0 
7.05748 
0 
0 
0 
0 
-7.08131 
0 
0 
0 
0 
-9.39815 
0 
0 
0 
0 
-0.438029 
0 
0.301108 
0.301108 
0.301108 
-51.9333 
0.301108 
0 
0 
0 
-3.81133 
0 
0 
0 
0 
9.80883 
0 
0 
0 
0 
5.17051 
0 
0 
0 
0 
7.05748 
0 
0 
0 
0 
-3.81133 
0 
0.674342 
0.674342 
0.674342 
-14.4719 
0.674342 
-0.459048 
-0.459048 
-0.459048 
-0.459048 
-21.6359 
0 
0 
0 
0 
5.35571 
0 
0 
0 
0 
-1.55533 
0 
0 
0 
0 
-7.08131 
0 
0 
0 
0 
9.80883 
0 
0 
0 
0 
5.35571 
-0.519612 
-0.519612 
-0.519612 
-0.519612 
-33.7701 
0 
0 
0 
0 
-6.97659 
0 
0 
0 
0 
-9.39815 
0 
0 
0 
0 
5.17051 
0 
0 
0 
0 
-1.55533 
0 
0 
0 
0 
-6.97659 
0.653262 
0.653262 
0.653262 
0.653262 
-34.5255 
0 
0 
0 
0 
-0.438029 
0 
0 
0 
0 
7.05748 
0 
0 
0 
0 
-7.08131 
0 
0 
0 
0 
-9.39815 
0 
0 
0 
0 
-0.438029 
0.301108 
0.301108 
0.301108 
0.301108 
-51.9333 
0 
0 
0 
0 
-3.81133 
0 
0 
0 
0 
9.80883 
0 
0 
0 
0 
5.17051 
0 
0 
0 
0 
7.05748 
0 
0 
0 
0 
-3.81133 
0.674342 
0.674342 
0.674342 
0.674342 
-14.4719