
-28.7753 
0.943193 
0.943193 
0.943193 
0.943193 
7.64608 
0 
0 
0 
0 
0.00712929 
0 
0 
0 
0 
-8.85254 
0 
0 
0 
0 
6.19683 
0 
0 
0 
0 
7.64608 
0 
0 
0 
0 
-19.709 
-0.659881 
-0.659881 
-0.659881 
-0.659881 
-1.14879 
0 
0 
0 
0 
3.35157 
0 
0 
0 
0 
-2.19743 
0 
0 
0 
0 
0.00712929 
0 
0 
0 
0 
-1.14879 
0 
0 
0 
0 
-35.9481 
0.431125 
0.431125 
0.431125 
0.431125 
1.22468 
0 
0 
0 
0 
-4.3066 
0 
0 
0 
0 
-8.85254 
0 
0 
0 
0 
3.35157 
0 
0 
0 
0 
1.22468 
0 
0 
0 
0 
-42.6893 
0.319693 
0.319693 
0.319693 
0.319693 
-7.13428 
0 
0 
0 
0 
6.19683 
0 
0 
0 
0 
-2.19743 
0 
0 
0 
0 
-4.3066 
0 
0 
0 
0 
-7.13428 
0 
0 
0 
0 
-33.8482 
-0.898329 
-0.898329 
-0.898329 
-0.898329 
0.943193 
-28.7753 
0.943193 
0.943193 
0.943193 
0 
7.64608 
0 
0 
0 
0 
0.00712929 
0 
0 
0 
0 
-8.85254 
0 
0 
0 
0 
6.19683 
0 
0 
0 
0 
7.64608 
0 
0 
0 
-0.659881 
-19.709 
-0.659881 
-0.659881 
-0.659881 
0 
-1.14879 
0 
0 
0 
0 
3.35157 
0 
0 
0 
0 
-2.19743 
0 
0 
0 
0 
0.00712929 
0 
0 
0 
0 
-1.14879 
0 
0 
0 
0.431125 
-35.9481 
0.431125 
0.431125 
0.431125 
0 
1.22468 
0 
0 
0 
0 
-4.3066 
0 
0 
0 
0 
-8.85254 
0 
0 
0 
0 
3.35157 
0 
0 
0 
0 
1.22468 
0 
0 
0 
0.319693 
-42.6893 
0.319693 
0.319693 
0.319693 
0 
-7.13428 
0 
0 
0 
0 
6.19683 
0 
0 
0 
0 
-2.19743 
0 
0 
0 
0 
-4.3066 
0 
0 
0 
0 
-7.13428 
0 
0 
0 
-0.898329 
-33.8482 
-0.898329 
-0.898329 
-0.898329 
0.943193 
0.943193 
-28.7753 
0.943193 
0.943193 
0 
0 
7.64608 
0 
0 
0 
0 
0.00712929 
0 
0 
0 
0 
-8.85254 
0 
0 
0 
0 
6.19683 
0 
0 
0 
0 
7.64608 
0 
0 
-0.659881 
-0.659881 
-19.709 
-0.659881 
-0.659881 
0 
0 
-1.14879 
0 
0 
0 
0 
3.35157 
0 
0 
0 
0 
-2.19743 
0 
0 
0 
0 
0.00712929 
0 
0 
0 
0 
-1.14879 
0 
0 
0.431125 
0.431125 
-35.9481 
0.431125 
0.431125 
0 
0 
1.22468 
0 
0 
0 
0 
-4.3066 
0 
0 
0 
0 
-8.85254 
0 
0 
0 
0 
3.35157 
0 
0 
0 
0 
1.22468 
0 
0 
0.319693 
0.319693 
-42.6893 
0.319693 
0.319693 
0 
0 
-7.13428 
0 
0 
0 
0 
6.19683 
0 
0 
0 
0 
-2.19743 
0 
0 
0 
0 
-4.3066 
0 
0 
0 
0 
-7.13428 
0 
0 
-0.898329 
-0.898329 
-33.8482 
-0.898329 
-0.898329 
0.943193 
0.943193 
0.943193 
-28.7753 
0.943193 
0 
0 
0 
7.64608 
0 
0 
0 
0 
0.00712929 
0 
0 
0 
0 
-8.85254 
0 
0 
0 
0 
6.19683 
0 
0 
0 
0 
7.64608 
0 
-0.659881 
-0.659881 
-0.659881 
-19.709 
-0.659881 
0 
0 
0 
-1.14879 
0 
0 
0 
0 
3.35157 
0 
0 
0 
0 
-2.19743 
0 
0 
0 
0 
0.00712929 
0 
0 
0 
0 
-1.14879 
0 
0.431125 
0.431125 
0.431125 
-35.9481 
0.431125 
0 
0 
0 
1.22468 
0 
0 
0 
0 
-4.3066 
0 
0 
0 
0 
-8.85254 
0 
0 
0 
0 
3.35157 
0 
0 
0 
0 
1.22468 
0 
0.319693 
0.319693 
0.319693 
-42.6893 
0.319693 
0 
0 
0 
-7.13428 
0 
0 
0 
0 
6.19683 
0 
0 
0 
0 
-2.19743 
0 
0 
0 
0 
-4.3066 
0 
0 
0 
0 
-7.13428 
0 
-0.898329 
-0.898329 
-0.898329 
-33.8482 
-0.898329 
0.943193 
0.943193 
0.943193 
0.943193 
-28.7753 
0 
0 
0 
0 
7.64608 
0 
0 
0 
0 
0.00712929 
0 
0 
0 
0 
-8.85254 
0 
0 
0 
0 
6.19683 
0 
0 
0 
0 
7.64608 
-0.659881 
-0.659881 
-0.659881 
-0.659881 
-19.709 
0 
0 
0 
0 
-1.14879 
0 
0 
0 
0 
3.35157 
0 
0 
0 
0 
-2.19743 
0 
0 
0 
0 
0.00712929 
0 
0 
0 
0 
-1.14879 
0.431125 
0.431125 
0.431125 
0.431125 
-35.9481 
0 
0 
0 
0 
1.22468 
0 
0 
0 
0 
-4.3066 
0 
0 
0 
0 
-8.85254 
0 
0 
0 
0 
3.35157 
0 
0 
0 
0 
1.22468 
0.319693 
0.319693 
0.319693 
0.319693 
-42.6893 
0 
0 
0 
0 
-7.13428 
0 
0 
0 
0 
6.19683 
0 
0 
0 
0 
-2.19743 
0 
0 
0 
0 
-4.3066 
0 
0 
0 
0 
-7.13428 
-0.898329 
-0.898329 
-0.898329 
-0.898329 
-33.8482