
-20.6786 
0.0957481 
0.0957481 
0.0957481 
0.0957481 
5.49674 
0 
0 
0 
0 
3.33539 
0 
0 
0 
0 
-2.29796 
0 
0 
0 
0 
3.1702 
0 
0 
0 
0 
5.49674 
0 
0 
0 
0 
-40.2904 
0.481534 
0.481534 
0.481534 
0.481534 
-5.81624 
0 
0 
0 
0 
-6.15257 
0 
0 
0 
0 
-1.89224 
0 
0 
0 
0 
3.33539 
0 
0 
0 
0 
-5.81624 
0 
0 
0 
0 
-43.6862 
-0.207826 
-0.207826 
-0.207826 
-0.207826 
-8.77757 
0 
0 
0 
0 
-3.25908 
0 
0 
0 
0 
-2.29796 
0 
0 
0 
0 
-6.15257 
0 
0 
0 
0 
-8.77757 
0 
0 
0 
0 
-59.1758 
0.639401 
0.639401 
0.639401 
0.639401 
-9.39011 
0 
0 
0 
0 
3.1702 
0 
0 
0 
0 
-1.89224 
0 
0 
0 
0 
-3.25908 
0 
0 
0 
0 
-9.39011 
0 
0 
0 
0 
-39.9186 
-0.363153 
-0.363153 
-0.363153 
-0.363153 
0.0957481 
-20.6786 
0.0957481 
0.0957481 
0.0957481 
0 
5.49674 
0 
0 
0 
0 
3.33539 
0 
0 
0 
0 
-2.29796 
0 
0 
0 
0 
3.1702 
0 
0 
0 
0 
5.49674 
0 
0 
0 
0.481534 
-40.2904 
0.481534 
0.481534 
0.481534 
0 
-5.81624 
0 
0 
0 
0 
-6.15257 
0 
0 
0 
0 
-1.89224 
0 
0 
0 
0 
3.33539 
0 
0 
0 
0 
-5.81624 
0 
0 
0 
-0.207826 
-43.6862 
-0.207826 
-0.207826 
-0.207826 
0 
-8.77757 
0 
0 
0 
0 
-3.25908 
0 
0 
0 
0 
-2.29796 
0 
0 
0 
0 
-6.15257 
0 
0 
0 
0 
-8.77757 
0 
0 
0 
0.639401 
-59.1758 
0.639401 
0.639401 
0.639401 
0 
-9.39011 
0 
0 
0 
0 
3.1702 
0 
0 
0 
0 
-1.89224 
0 
0 
0 
0 
-3.25908 
0 
0 
0 
0 
-9.39011 
0 
0 
0 
-0.363153 
-39.9186 
-0.363153 
-0.363153 
-0.363153 
0.0957481 
0.0957481 
-20.6786 
0.0957481 
0.0957481 
0 
0 
5.49674 
0 
0 
0 
0 
3.33539 
0 
0 
0 
0 
-2.29796 
0 
0 
0 
0 
3.1702 
0 
0 
0 
0 
5.49674 
0 
0 
0.481534 
0.481534 
-40.2904 
0.481534 
0.481534 
0 
0 
-5.81624 
0 
0 
0 
0 
-6.15257 
0 
0 
0 
0 
-1.89224 
0 
0 
0 
0 
3.33539 
0 
0 
0 
0 
-5.81624 
0 
0 
-0.207826 
-0.207826 
-43.6862 
-0.207826 
-0.207826 
0 
0 
-8.77757 
0 
0 
0 
0 
-3.25908 
0 
0 
0 
0 
-2.29796 
0 
0 
0 
0 
-6.15257 
0 
0 
0 
0 
-8.77757 
0 
0 
0.639401 
0.639401 
-59.1758 
0.639401 
0.639401 
0 
0 
-9.39011 
0 
0 
0 
0 
3.1702 
0 
0 
0 
0 
-1.89224 
0 
0 
0 
0 
-3.25908 
0 
0 
0 
0 
-9.39011 
0 
0 
-0.363153 
-0.363153 
-39.9186 
-0.363153 
-0.363153 
0.0957481 
0.0957481 
0.0957481 
-20.6786 
0.0957481 
0 
0 
0 
5.49674 
0 
0 
0 
0 
3.33539 
0 
0 
0 
0 
-2.29796 
0 
0 
0 
0 
3.1702 
0 
0 
0 
0 
5.49674 
0 
0.481534 
0.481534 
0.481534 
-40.2904 
0.481534 
0 
0 
0 
-5.81624 
0 
0 
0 
0 
-6.15257 
0 
0 
0 
0 
-1.89224 
0 
0 
0 
0 
3.33539 
0 
0 
0 
0 
-5.81624 
0 
-0.207826 
-0.207826 
-0.207826 
-43.6862 
-0.207826 
0 
0 
0 
-8.77757 
0 
0 
0 
0 
-3.25908 
0 
0 
0 
0 
-2.29796 
0 
0 
0 
0 
-6.15257 
0 
0 
0 
0 
-8.77757 
0 
0.639401 
0.639401 
0.639401 
-59.1758 
0.639401 
0 
0 
0 
-9.39011 
0 
0 
0 
0 
3.1702 
0 
0 
0 
0 
-1.89224 
0 
0 
0 
0 
-3.25908 
0 
0 
0 
0 
-9.39011 
0 
-0.363153 
-0.363153 
-0.363153 
-39.9186 
-0.363153 
0.0957481 
0.0957481 
0.0957481 
0.0957481 
-20.6786 
0 
0 
0 
0 
5.49674 
0 
0 
0 
0 
3.33539 
0 
0 
0 
0 
-2.29796 
0 
0 
0 
0 
3.1702 
0 
0 
0 
0 
5.49674 
0.481534 
0.481534 
0.481534 
0.481534 
-40.2904 
0 
0 
0 
0 
-5.81624 
0 
0 
0 
0 
-6.15257 
0 
0 
0 
0 
-1.89224 
0 
0 
0 
0 
3.33539 
0 
0 
0 
0 
-5.81624 
-0.207826 
-0.207826 
-0.207826 
-0.207826 
-43.6862 
0 
0 
0 
0 
-8.77757 
0 
0 
0 
0 
-3.25908 
0 
0 
0 
0 
-2.29796 
0 
0 
0 
0 
-6.15257 
0 
0 
0 
0 
-8.77757 
0.639401 
0.639401 
0.639401 
0.639401 
-59.1758 
0 
0 
0 
0 
-9.39011 
0 
0 
0 
0 
3.1702 
0 
0 
0 
0 
-1.89224 
0 
0 
0 
0 
-3.25908 
0 
0 
0 
0 
-9.39011 
-0.363153 
-0.363153 
-0.363153 
-0.363153 
-39.9186