
-18.1184 
-0.171922 
-0.171922 
-0.171922 
-0.171922 
7.16131 
0 
0 
0 
0 
3.236 
0 
0 
0 
0 
9.53466 
0 
0 
0 
0 
-8.73802 
0 
0 
0 
0 
7.16131 
0 
0 
0 
0 
-22.6929 
0.291866 
0.291866 
0.291866 
0.291866 
-2.9549 
0 
0 
0 
0 
5.2687 
0 
0 
0 
0 
-1.0005 
0 
0 
0 
0 
3.236 
0 
0 
0 
0 
-2.9549 
0 
0 
0 
0 
-31.6493 
-0.37046 
-0.37046 
-0.37046 
-0.37046 
0.569901 
0 
0 
0 
0 
-3.98209 
0 
0 
0 
0 
9.53466 
0 
0 
0 
0 
5.2687 
0 
0 
0 
0 
0.569901 
0 
0 
0 
0 
-14.1223 
0.770742 
0.770742 
0.770742 
0.770742 
3.58744 
0 
0 
0 
0 
-8.73802 
0 
0 
0 
0 
-1.0005 
0 
0 
0 
0 
-3.98209 
0 
0 
0 
0 
3.58744 
0 
0 
0 
0 
-43.7035 
0.892583 
0.892583 
0.892583 
0.892583 
-0.171922 
-18.1184 
-0.171922 
-0.171922 
-0.171922 
0 
7.16131 
0 
0 
0 
0 
3.236 
0 
0 
0 
0 
9.53466 
0 
0 
0 
0 
-8.73802 
0 
0 
0 
0 
7.16131 
0 
0 
0 
0.291866 
-22.6929 
0.291866 
0.291866 
0.291866 
0 
-2.9549 
0 
0 
0 
0 
5.2687 
0 
0 
0 
0 
-1.0005 
0 
0 
0 
0 
3.236 
0 
0 
0 
0 
-2.9549 
0 
0 
0 
-0.37046 
-31.6493 
-0.37046 
-0.37046 
-0.37046 
0 
0.569901 
0 
0 
0 
0 
-3.98209 
0 
0 
0 
0 
9.53466 
0 
0 
0 
0 
5.2687 
0 
0 
0 
0 
0.569901 
0 
0 
0 
0.770742 
-14.1223 
0.770742 
0.770742 
0.770742 
0 
3.58744 
0 
0 
0 
0 
-8.73802 
0 
0 
0 
0 
-1.0005 
0 
0 
0 
0 
-3.98209 
0 
0 
0 
0 
3.58744 
0 
0 
0 
0.892583 
-43.7035 
0.892583 
0.892583 
0.892583 
-0.171922 
-0.171922 
-18.1184 
-0.171922 
-0.171922 
0 
0 
7.16131 
0 
0 
0 
0 
3.236 
0 
0 
0 
0 
9.53466 
0 
0 
0 
0 
-8.73802 
0 
0 
0 
0 
7.16131 
0 
0 
0.291866 
0.291866 
-22.6929 
0.291866 
0.291866 
0 
0 
-2.9549 
0 
0 
0 
0 
5.2687 
0 
0 
0 
0 
-1.0005 
0 
0 
0 
0 
3.236 
0 
0 
0 
0 
-2.9549 
0 
0 
-0.37046 
-0.37046 
-31.6493 
-0.37046 
-0.37046 
0 
0 
0.569901 
0 
0 
0 
0 
-3.98209 
0 
0 
0 
0 
9.53466 
0 
0 
0 
0 
5.2687 
0 
0 
0 
0 
0.569901 
0 
0 
0.770742 
0.770742 
-14.1223 
0.770742 
0.770742 
0 
0 
3.58744 
0 
0 
0 
0 
-8.73802 
0 
0 
0 
0 
-1.0005 
0 
0 
0 
0 
-3.98209 
0 
0 
0 
0 
3.58744 
0 
0 
0.892583 
0.892583 
-43.7035 
0.892583 
0.892583 
-0.171922 
-0.171922 
-0.171922 
-18.1184 
-0.171922 
0 
0 
0 
7.16131 
0 
0 
0 
0 
3.236 
0 
0 
0 
0 
9.53466 
0 
0 
0 
0 
-8.73802 
0 
0 
0 
0 
7.16131 
0 
0.291866 
0.291866 
0.291866 
-22.6929 
0.291866 
0 
0 
0 
-2.9549 
0 
0 
0 
0 
5.2687 
0 
0 
0 
0 
-1.0005 
0 
0 
0 
0 
3.236 
0 
0 
0 
0 
-2.9549 
0 
-0.37046 
-0.37046 
-0.37046 
-31.6493 
-0.37046 
0 
0 
0 
0.569901 
0 
0 
0 
0 
-3.98209 
0 
0 
0 
0 
9.53466 
0 
0 
0 
0 
5.2687 
0 
0 
0 
0 
0.569901 
0 
0.770742 
0.770742 
0.770742 
-14.1223 
0.770742 
0 
0 
0 
3.58744 
0 
0 
0 
0 
-8.73802 
0 
0 
0 
0 
-1.0005 
0 
0 
0 
0 
-3.98209 
0 
0 
0 
0 
3.58744 
0 
0.892583 
0.892583 
0.892583 
-43.7035 
0.892583 
-0.171922 
-0.171922 
-0.171922 
-0.171922 
-18.1184 
0 
0 
0 
0 
7.16131 
0 
0 
0 
0 
3.236 
0 
0 
0 
0 
9.53466 
0 
0 
0 
0 
-8.73802 
0 
0 
0 
0 
7.16131 
0.291866 
0.291866 
0.291866 
0.291866 
-22.6929 
0 
0 
0 
0 
-2.9549 
0 
0 
0 
0 
5.2687 
0 
0 
0 
0 
-1.0005 
0 
0 
0 
0 
3.236 
0 
0 
0 
0 
-2.9549 
-0.37046 
-0.37046 
-0.37046 
-0.37046 
-31.6493 
0 
0 
0 
0 
0.569901 
0 
0 
0 
0 
-3.98209 
0 
0 
0 
0 
9.53466 
0 
0 
0 
0 
5.2687 
0 
0 
0 
0 
0.569901 
0.770742 
0.770742 
0.770742 
0.770742 
-14.1223 
0 
0 
0 
0 
3.58744 
0 
0 
0 
0 
-8.73802 
0 
0 
0 
0 
-1.0005 
0 
0 
0 
0 
-3.98209 
0 
0 
0 
0 
3.58744 
0.892583 
0.892583 
0.892583 
0.892583 
-43.7035