
-24.6655 
0.170112 
0.170112 
0.170112 
0.170112 
-0.538412 
0 
0 
0 
0 
-2.45672 
0 
0 
0 
0 
4.83111 
0 
0 
0 
0 
4.17893 
0 
0 
0 
0 
-0.538412 
0 
0 
0 
0 
-33.4446 
-0.575328 
-0.575328 
-0.575328 
-0.575328 
9.08918 
0 
0 
0 
0 
-4.97311 
0 
0 
0 
0 
-9.32354 
0 
0 
0 
0 
-2.45672 
0 
0 
0 
0 
9.08918 
0 
0 
0 
0 
-31.6005 
0.382928 
0.382928 
0.382928 
0.382928 
-6.16601 
0 
0 
0 
0 
-0.535214 
0 
0 
0 
0 
4.83111 
0 
0 
0 
0 
-4.97311 
0 
0 
0 
0 
-6.16601 
0 
0 
0 
0 
-39.0781 
0.268224 
0.268224 
0.268224 
0.268224 
-1.69717 
0 
0 
0 
0 
4.17893 
0 
0 
0 
0 
-9.32354 
0 
0 
0 
0 
-0.535214 
0 
0 
0 
0 
-1.69717 
0 
0 
0 
0 
-40.7662 
0.847294 
0.847294 
0.847294 
0.847294 
0.170112 
-24.6655 
0.170112 
0.170112 
0.170112 
0 
-0.538412 
0 
0 
0 
0 
-2.45672 
0 
0 
0 
0 
4.83111 
0 
0 
0 
0 
4.17893 
0 
0 
0 
0 
-0.538412 
0 
0 
0 
-0.575328 
-33.4446 
-0.575328 
-0.575328 
-0.575328 
0 
9.08918 
0 
0 
0 
0 
-4.97311 
0 
0 
0 
0 
-9.32354 
0 
0 
0 
0 
-2.45672 
0 
0 
0 
0 
9.08918 
0 
0 
0 
0.382928 
-31.6005 
0.382928 
0.382928 
0.382928 
0 
-6.16601 
0 
0 
0 
0 
-0.535214 
0 
0 
0 
0 
4.83111 
0 
0 
0 
0 
-4.97311 
0 
0 
0 
0 
-6.16601 
0 
0 
0 
0.268224 
-39.0781 
0.268224 
0.268224 
0.268224 
0 
-1.69717 
0 
0 
0 
0 
4.17893 
0 
0 
0 
0 
-9.32354 
0 
0 
0 
0 
-0.535214 
0 
0 
0 
0 
-1.69717 
0 
0 
0 
0.847294 
-40.7662 
0.847294 
0.847294 
0.847294 
0.170112 
0.170112 
-24.6655 
0.170112 
0.170112 
0 
0 
-0.538412 
0 
0 
0 
0 
-2.45672 
0 
0 
0 
0 
4.83111 
0 
0 
0 
0 
4.17893 
0 
0 
0 
0 
-0.538412 
0 
0 
-0.575328 
-0.575328 
-33.4446 
-0.575328 
-0.575328 
0 
0 
9.08918 
0 
0 
0 
0 
-4.97311 
0 
0 
0 
0 
-9.32354 
0 
0 
0 
0 
-2.45672 
0 
0 
0 
0 
9.08918 
0 
0 
0.382928 
0.382928 
-31.6005 
0.382928 
0.382928 
0 
0 
-6.16601 
0 
0 
0 
0 
-0.535214 
0 
0 
0 
0 
4.83111 
0 
0 
0 
0 
-4.97311 
0 
0 
0 
0 
-6.16601 
0 
0 
0.268224 
0.268224 
-39.0781 
0.268224 
0.268224 
0 
0 
-1.69717 
0 
0 
0 
0 
4.17893 
0 
0 
0 
0 
-9.32354 
0 
0 
0 
0 
-0.535214 
0 
0 
0 
0 
-1.69717 
0 
0 
0.847294 
0.847294 
-40.7662 
0.847294 
0.847294 
0.170112 
0.170112 
0.170112 
-24.6655 
0.170112 
0 
0 
0 
-0.538412 
0 
0 
0 
0 
-2.45672 
0 
0 
0 
0 
4.83111 
0 
0 
0 
0 
4.17893 
0 
0 
0 
0 
-0.538412 
0 
-0.575328 
-0.575328 
-0.575328 
-33.4446 
-0.575328 
0 
0 
0 
9.08918 
0 
0 
0 
0 
-4.97311 
0 
0 
0 
0 
-9.32354 
0 
0 
0 
0 
-2.45672 
0 
0 
0 
0 
9.08918 
0 
0.382928 
0.382928 
0.382928 
-31.6005 
0.382928 
0 
0 
0 
-6.16601 
0 
0 
0 
0 
-0.535214 
0 
0 
0 
0 
4.83111 
0 
0 
0 
0 
-4.97311 
0 
0 
0 
0 
-6.16601 
0 
0.268224 
0.268224 
0.268224 
-39.0781 
0.268224 
0 
0 
0 
-1.69717 
0 
0 
0 
0 
4.17893 
0 
0 
0 
0 
-9.32354 
0 
0 
0 
0 
-0.535214 
0 
0 
0 
0 
-1.69717 
0 
0.847294 
0.847294 
0.847294 
-40.7662 
0.847294 
0.170112 
0.170112 
0.170112 
0.170112 
-24.6655 
0 
0 
0 
0 
-0.538412 
0 
0 
0 
0 
-2.45672 
0 
0 
0 
0 
4.83111 
0 
0 
0 
0 
4.17893 
0 
0 
0 
0 
-0.538412 
-0.575328 
-0.575328 
-0.575328 
-0.575328 
-33.4446 
0 
0 
0 
0 
9.08918 
0 
0 
0 
0 
-4.97311 
0 
0 
0 
0 
-9.32354 
0 
0 
0 
0 
-2.45672 
0 
0 
0 
0 
9.08918 
0.382928 
0.382928 
0.382928 
0.382928 
-31.6005 
0 
0 
0 
0 
-6.16601 
0 
0 
0 
0 
-0.535214 
0 
0 
0 
0 
4.83111 
0 
0 
0 
0 
-4.97311 
0 
0 
0 
0 
-6.16601 
0.268224 
0.268224 
0.268224 
0.268224 
-39.0781 
0 
0 
0 
0 
-1.69717 
0 
0 
0 
0 
4.17893 
0 
0 
0 
0 
-9.32354 
0 
0 
0 
0 
-0.535214 
0 
0 
0 
0 
-1.69717 
0.847294 
0.847294 
0.847294 
0.847294 
-40.7662