
-35.2429 
0.257277 
0.257277 
0.257277 
0.257277 
-8.44929 
0 
0 
0 
0 
4.64584 
0 
0 
0 
0 
-8.92797 
0 
0 
0 
0 
8.51765 
0 
0 
0 
0 
-8.44929 
0 
0 
0 
0 
-46.173 
0.0809579 
0.0809579 
0.0809579 
0.0809579 
-6.62349 
0 
0 
0 
0 
6.50916 
0 
0 
0 
0 
-7.28557 
0 
0 
0 
0 
4.64584 
0 
0 
0 
0 
-6.62349 
0 
0 
0 
0 
-19.4867 
0.205533 
0.205533 
0.205533 
0.205533 
7.72674 
0 
0 
0 
0 
5.58637 
0 
0 
0 
0 
-8.92797 
0 
0 
0 
0 
6.50916 
0 
0 
0 
0 
7.72674 
0 
0 
0 
0 
-19.0528 
0.674502 
0.674502 
0.674502 
0.674502 
8.33729 
0 
0 
0 
0 
8.51765 
0 
0 
0 
0 
-7.28557 
0 
0 
0 
0 
5.58637 
0 
0 
0 
0 
8.33729 
0 
0 
0 
0 
-13.9387 
-0.22638 
-0.22638 
-0.22638 
-0.22638 
0.257277 
-35.2429 
0.257277 
0.257277 
0.257277 
0 
-8.44929 
0 
0 
0 
0 
4.64584 
0 
0 
0 
0 
-8.92797 
0 
0 
0 
0 
8.51765 
0 
0 
0 
0 
-8.44929 
0 
0 
0 
0.0809579 
-46.173 
0.0809579 
0.0809579 
0.0809579 
0 
-6.62349 
0 
0 
0 
0 
6.50916 
0 
0 
0 
0 
-7.28557 
0 
0 
0 
0 
4.64584 
0 
0 
0 
0 
-6.62349 
0 
0 
0 
0.205533 
-19.4867 
0.205533 
0.205533 
0.205533 
0 
7.72674 
0 
0 
0 
0 
5.58637 
0 
0 
0 
0 
-8.92797 
0 
0 
0 
0 
6.50916 
0 
0 
0 
0 
7.72674 
0 
0 
0 
0.674502 
-19.0528 
0.674502 
0.674502 
0.674502 
0 
8.33729 
0 
0 
0 
0 
8.51765 
0 
0 
0 
0 
-7.28557 
0 
0 
0 
0 
5.58637 
0 
0 
0 
0 
8.33729 
0 
0 
0 
-0.22638 
-13.9387 
-0.22638 
-0.22638 
-0.22638 
0.257277 
0.257277 
-35.2429 
0.257277 
0.257277 
0 
0 
-8.44929 
0 
0 
0 
0 
4.64584 
0 
0 
0 
0 
-8.92797 
0 
0 
0 
0 
8.51765 
0 
0 
0 
0 
-8.44929 
0 
0 
0.0809579 
0.0809579 
-46.173 
0.0809579 
0.0809579 
0 
0 
-6.62349 
0 
0 
0 
0 
6.50916 
0 
0 
0 
0 
-7.28557 
0 
0 
0 
0 
4.64584 
0 
0 
0 
0 
-6.62349 
0 
0 
0.205533 
0.205533 
-19.4867 
0.205533 
0.205533 
0 
0 
7.72674 
0 
0 
0 
0 
5.58637 
0 
0 
0 
0 
-8.92797 
0 
0 
0 
0 
6.50916 
0 
0 
0 
0 
7.72674 
0 
0 
0.674502 
0.674502 
-19.0528 
0.674502 
0.674502 
0 
0 
8.33729 
0 
0 
0 
0 
8.51765 
0 
0 
0 
0 
-7.28557 
0 
0 
0 
0 
5.58637 
0 
0 
0 
0 
8.33729 
0 
0 
-0.22638 
-0.22638 
-13.9387 
-0.22638 
-0.22638 
0.257277 
0.257277 
0.257277 
-35.2429 
0.257277 
0 
0 
0 
-8.44929 
0 
0 
0 
0 
4.64584 
0 
0 
0 
0 
-8.92797 
0 
0 
0 
0 
8.51765 
0 
0 
0 
0 
-8.44929 
0 
0.0809579 
0.0809579 
0.0809579 
-46.173 
0.0809579 
0 
0 
0 
-6.62349 
0 
0 
0 
0 
6.50916 
0 
0 
0 
0 
-7.28557 
0 
0 
0 
0 
4.64584 
0 
0 
0 
0 
-6.62349 
0 
0.205533 
0.205533 
0.205533 
-19.4867 
0.205533 
0 
0 
0 
7.72674 
0 
0 
0 
0 
5.58637 
0 
0 
0 
0 
-8.92797 
0 
0 
0 
0 
6.50916 
0 
0 
0 
0 
7.72674 
0 
0.674502 
0.674502 
0.674502 
-19.0528 
0.674502 
0 
0 
0 
8.33729 
0 
0 
0 
0 
8.51765 
0 
0 
0 
0 
-7.28557 
0 
0 
0 
0 
5.58637 
0 
0 
0 
0 
8.33729 
0 
-0.22638 
-0.22638 
-0.22638 
-13.9387 
-0.22638 
0.257277 
0.257277 
0.257277 
0.257277 
-35.2429 
0 
0 
0 
0 
-8.44929 
0 
0 
0 
0 
4.64584 
0 
0 
0 
0 
-8.92797 
0 
0 
0 
0 
8.51765 
0 
0 
0 
0 
-8.44929 
0.0809579 
0.0809579 
0.0809579 
0.0809579 
-46.173 
0 
0 
0 
0 
-6.62349 
0 
0 
0 
0 
6.50916 
0 
0 
0 
0 
-7.28557 
0 
0 
0 
0 
4.64584 
0 
0 
0 
0 
-6.62349 
0.205533 
0.205533 
0.205533 
0.205533 
-19.4867 
0 
0 
0 
0 
7.72674 
0 
0 
0 
0 
5.58637 
0 
0 
0 
0 
-8.92797 
0 
0 
0 
0 
6.50916 
0 
0 
0 
0 
7.72674 
0.674502 
0.674502 
0.674502 
0.674502 
-19.0528 
0 
0 
0 
0 
8.33729 
0 
0 
0 
0 
8.51765 
0 
0 
0 
0 
-7.28557 
0 
0 
0 
0 
5.58637 
0 
0 
0 
0 
8.33729 
-0.22638 
-0.22638 
-0.22638 
-0.22638 
-13.9387